sched_other dec 0 8.060580e-02 9.928584e-02 3.268719e-04 9.895897e-02
sched_other dec 1 8.207795e-02 1.217980e-01 1.192093e-05 1.217861e-01
sched_other dec 2 7.835621e-02 1.197929e-01 1.375699e-02 1.060359e-01
sched_other dec 3 7.072256e-02 1.156180e-01 1.712084e-03 1.139059e-01
sched_other dec 4 5.322226e-02 9.846091e-02 6.520033e-03 9.194088e-02
sched_other dec 5 5.906170e-02 1.167471e-01 7.512093e-03 1.092350e-01
sched_other dec 6 5.375113e-02 7.555199e-02 8.208036e-03 6.734395e-02
sched_other dec 7 4.186919e-02 4.368114e-02 1.192093e-05 4.366922e-02
sched_other dec 8 4.286549e-02 8.444309e-02 3.432035e-03 8.101106e-02
sched_other dec 9 3.695312e-02 8.663893e-02 6.408930e-03 8.023000e-02
sched_other dec 10 3.315008e-02 6.801200e-02 3.177881e-03 6.483412e-02
sched_other dec 11 2.861321e-02 6.261110e-02 6.567955e-03 5.604315e-02
sched_other dec 12 2.514217e-02 7.596493e-02 1.575947e-03 7.438898e-02
sched_other dec 13 2.134138e-02 8.406997e-02 5.544186e-03 7.852578e-02
sched_other dec 14 1.802313e-02 6.599188e-02 9.559870e-03 5.643201e-02
sched_other dec 15 1.504737e-02 6.464911e-02 9.777069e-03 5.487204e-02
sched_other dec 16 1.197231e-02 5.538797e-02 1.205206e-02 4.333591e-02
sched_other dec 17 9.516016e-03 5.179882e-02 1.750088e-02 3.429794e-02
sched_other dec 18 7.550180e-03 2.389812e-02 1.580715e-02 8.090973e-03
sched_other dec 19 5.411195e-03 1.503491e-02 5.450010e-03 9.584904e-03
sched_other dec 0 7.443180e-02 1.194360e-01 1.597404e-05 1.194201e-01
sched_other dec 1 8.307725e-02 8.624506e-02 1.502037e-05 8.623004e-02
sched_other dec 2 7.296331e-02 7.297802e-02 1.811981e-05 7.295990e-02
sched_other dec 3 7.254498e-02 7.303500e-02 2.861023e-06 7.303214e-02
sched_other dec 4 6.606688e-02 6.847882e-02 3.814697e-06 6.847501e-02
sched_other dec 5 5.477827e-02 9.599113e-02 1.470613e-02 8.128500e-02
sched_other dec 6 5.228683e-02 1.104410e-01 1.869702e-02 9.174395e-02
sched_other dec 7 4.231591e-02 1.071291e-01 1.879692e-02 8.833218e-02
sched_other dec 8 4.322762e-02 1.088638e-01 2.268386e-02 8.617997e-02
sched_other dec 9 3.831869e-02 9.967113e-02 2.667809e-02 7.299304e-02
sched_other dec 10 3.359804e-02 1.001530e-01 2.854204e-02 7.161093e-02
sched_other dec 11 2.900405e-02 8.320999e-02 2.215219e-02 6.105781e-02
sched_other dec 12 2.352345e-02 8.524609e-02 2.343202e-02 6.181407e-02
sched_other dec 13 2.129981e-02 7.972717e-02 2.368212e-02 5.604506e-02
sched_other dec 14 1.809126e-02 2.848005e-02 9.641886e-03 1.883817e-02
sched_other dec 15 1.490976e-02 2.984214e-02 1.063418e-02 1.920795e-02
sched_other dec 16 1.211902e-02 2.208996e-02 3.695488e-05 2.205300e-02
sched_other dec 17 9.527913e-03 1.397610e-02 4.276037e-03 9.700060e-03
sched_other dec 18 7.401099e-03 9.592056e-03 4.079342e-04 9.184122e-03
sched_other dec 19 5.362687e-03 6.703138e-03 8.552074e-04 5.847931e-03
sched_other dec 0 8.928554e-02 8.985806e-02 1.406670e-05 8.984399e-02
sched_other dec 1 8.239385e-02 8.405113e-02 5.960464e-06 8.404517e-02
sched_other dec 2 7.936170e-02 7.937193e-02 7.867813e-06 7.936406e-02
sched_other dec 3 7.186272e-02 7.408214e-02 4.081726e-04 7.367396e-02
sched_other dec 4 5.354037e-02 1.091590e-01 1.907349e-06 1.091571e-01
sched_other dec 5 4.723951e-02 4.918909e-02 2.098083e-05 4.916811e-02
sched_other dec 6 5.028185e-02 1.139789e-01 1.386786e-02 1.001110e-01
sched_other dec 7 4.814086e-02 1.100140e-01 1.785803e-02 9.215593e-02
sched_other dec 8 3.852863e-02 1.072800e-01 2.184987e-02 8.543015e-02
sched_other dec 9 3.803734e-02 9.133911e-02 2.583790e-02 6.550121e-02
sched_other dec 10 3.341730e-02 1.052520e-01 2.983308e-02 7.541895e-02
sched_other dec 11 2.893611e-02 1.023519e-01 3.382206e-02 6.852984e-02
sched_other dec 12 2.529335e-02 8.564281e-02 3.780985e-02 4.783297e-02
sched_other dec 13 2.170354e-02 6.736398e-02 8.296967e-05 6.728101e-02
sched_other dec 14 1.821036e-02 6.399798e-02 5.549908e-03 5.844808e-02
sched_other dec 15 1.505991e-02 5.684400e-02 5.591154e-03 5.125284e-02
sched_other dec 16 1.218488e-02 5.395198e-02 1.777005e-02 3.618193e-02
sched_other dec 17 9.512667e-03 4.138899e-02 1.347589e-02 2.791309e-02
sched_other dec 18 7.238942e-03 3.740501e-02 1.862717e-02 1.877785e-02
sched_other dec 19 5.328067e-03 3.437805e-02 2.014494e-02 1.423311e-02
sched_other dec 0 9.283084e-02 1.057808e-01 1.883507e-05 1.057620e-01
sched_other dec 1 7.656841e-02 7.658291e-02 1.597404e-05 7.656693e-02
sched_other dec 2 6.849018e-02 6.854796e-02 1.788139e-05 6.853008e-02
sched_other dec 3 6.950235e-02 1.129041e-01 3.099442e-06 1.129010e-01
sched_other dec 4 6.640813e-02 6.768203e-02 3.099442e-06 6.767893e-02
sched_other dec 5 5.975756e-02 1.110399e-01 1.867199e-02 9.236789e-02
sched_other dec 6 4.673881e-02 1.128151e-01 1.989508e-02 9.292006e-02
sched_other dec 7 3.693603e-02 1.019199e-01 2.424288e-02 7.767701e-02
sched_other dec 8 4.306241e-02 9.085202e-02 2.425098e-02 6.660104e-02
sched_other dec 9 3.843540e-02 8.676386e-02 3.242803e-02 5.433583e-02
sched_other dec 10 3.348590e-02 9.053111e-02 2.264214e-02 6.788898e-02
sched_other dec 11 2.922264e-02 8.615804e-02 2.852392e-02 5.763412e-02
sched_other dec 12 2.103855e-02 9.499907e-02 3.063107e-02 6.436801e-02
sched_other dec 13 2.166659e-02 3.237104e-02 1.062107e-02 2.174997e-02
sched_other dec 14 1.782661e-02 5.632114e-02 1.071000e-02 4.561114e-02
sched_other dec 15 1.489820e-02 5.665898e-02 1.213789e-02 4.452109e-02
sched_other dec 16 1.213098e-02 4.917717e-02 1.237917e-02 3.679800e-02
sched_other dec 17 9.574991e-03 9.670019e-03 3.004074e-05 9.639978e-03
sched_other dec 18 7.300517e-03 1.066399e-02 1.119852e-03 9.544134e-03
sched_other dec 19 5.367901e-03 1.320410e-02 7.449150e-03 5.754948e-03
sched_other dec 0 8.820061e-02 9.236002e-02 1.287460e-05 9.234715e-02
sched_other dec 1 8.637089e-02 8.638597e-02 1.692772e-05 8.636904e-02
sched_other dec 2 7.701991e-02 1.223860e-01 1.811981e-05 1.223679e-01
sched_other dec 3 7.274986e-02 7.772994e-02 1.311302e-05 7.771683e-02
sched_other dec 4 6.519119e-02 7.911921e-02 3.099442e-06 7.911611e-02
sched_other dec 5 4.394513e-02 4.394579e-02 1.907349e-06 4.394388e-02
sched_other dec 6 5.376871e-02 5.381012e-02 1.192093e-05 5.379820e-02
sched_other dec 7 4.675885e-02 1.213949e-01 1.223302e-02 1.091619e-01
sched_other dec 8 4.069131e-02 1.063349e-01 1.389694e-02 9.243798e-02
sched_other dec 9 3.368290e-02 1.106932e-01 1.621819e-02 9.447503e-02
sched_other dec 10 3.332967e-02 9.800291e-02 2.020693e-02 7.779598e-02
sched_other dec 11 2.176435e-02 9.360003e-02 2.400899e-02 6.959105e-02
sched_other dec 12 2.509550e-02 8.934307e-02 2.419615e-02 6.514692e-02
sched_other dec 13 2.143666e-02 6.093907e-02 2.818608e-02 3.275299e-02
sched_other dec 14 1.815646e-02 6.734610e-02 3.217816e-02 3.516793e-02
sched_other dec 15 1.458800e-02 7.784295e-02 3.383899e-02 4.400396e-02
sched_other dec 16 1.216925e-02 5.077910e-02 3.860998e-02 1.216912e-02
sched_other dec 17 9.609087e-03 2.577806e-02 1.616907e-02 9.608984e-03
sched_other dec 18 7.350778e-03 3.313708e-02 2.578712e-02 7.349968e-03
sched_other dec 19 5.421026e-03 3.855896e-02 3.313804e-02 5.420923e-03
sched_other dec 0 9.126103e-02 9.754801e-02 1.597404e-05 9.753203e-02
sched_other dec 1 6.330511e-02 1.192842e-01 1.502037e-05 1.192691e-01
sched_other dec 2 7.894345e-02 1.050239e-01 7.867813e-06 1.050160e-01
sched_other dec 3 7.165810e-02 7.172990e-02 4.053116e-06 7.172585e-02
sched_other dec 4 5.720609e-02 6.994200e-02 5.006790e-06 6.993699e-02
sched_other dec 5 4.743031e-02 1.094379e-01 2.121997e-02 8.821797e-02
sched_other dec 6 5.029120e-02 1.075120e-01 3.322196e-02 7.429004e-02
sched_other dec 7 4.699267e-02 9.441495e-02 1.109600e-02 8.331895e-02
sched_other dec 8 4.038128e-02 9.757113e-02 2.520204e-02 7.236910e-02
sched_other dec 9 3.820111e-02 9.765506e-02 1.293302e-02 8.472204e-02
sched_other dec 10 3.363063e-02 9.348106e-02 1.319599e-02 8.028507e-02
sched_other dec 11 2.918341e-02 8.203101e-02 1.718712e-02 6.484389e-02
sched_other dec 12 2.323912e-02 8.889008e-02 1.083899e-02 7.805109e-02
sched_other dec 13 2.145743e-02 8.314705e-02 1.443505e-02 6.871200e-02
sched_other dec 14 1.775545e-02 8.033919e-02 1.505899e-02 6.528020e-02
sched_other dec 15 1.500840e-02 7.622504e-02 2.117014e-02 5.505490e-02
sched_other dec 16 1.210019e-02 6.910610e-02 2.185416e-02 4.725194e-02
sched_other dec 17 9.350464e-03 6.302118e-02 2.915311e-02 3.386807e-02
sched_other dec 18 6.729775e-03 1.100492e-02 4.276037e-03 6.728888e-03
sched_other dec 19 5.482805e-03 1.070309e-02 5.191088e-03 5.511999e-03
sched_other dec 0 8.792853e-02 8.795810e-02 1.406670e-05 8.794403e-02
sched_other dec 1 6.849777e-02 1.186080e-01 1.597404e-05 1.185920e-01
sched_other dec 2 7.592269e-02 7.813001e-02 5.006790e-06 7.812500e-02
sched_other dec 3 7.206669e-02 7.309294e-02 3.099442e-06 7.308984e-02
sched_other dec 4 6.587524e-02 6.611180e-02 2.388954e-04 6.587291e-02
sched_other dec 5 5.954088e-02 6.162810e-02 3.099442e-06 6.162500e-02
sched_other dec 6 3.881471e-02 1.082530e-01 1.674509e-02 9.150791e-02
sched_other dec 7 4.429163e-02 1.130140e-01 2.472401e-02 8.828998e-02
sched_other dec 8 4.332485e-02 1.088610e-01 3.271508e-02 7.614589e-02
sched_other dec 9 3.082719e-02 8.084488e-02 4.069495e-02 4.014993e-02
sched_other dec 10 3.377672e-02 6.147194e-02 2.651596e-02 3.495598e-02
sched_other dec 11 2.718498e-02 9.035897e-02 1.903796e-02 7.132101e-02
sched_other dec 12 2.512175e-02 1.008060e-01 2.029610e-02 8.050990e-02
sched_other dec 13 1.867786e-02 9.327817e-02 2.064204e-02 7.263613e-02
sched_other dec 14 1.827213e-02 8.447695e-02 2.266788e-02 6.180906e-02
sched_other dec 15 1.490076e-02 8.709812e-02 2.308917e-02 6.400895e-02
sched_other dec 16 1.217013e-02 2.642107e-02 1.407599e-02 1.234508e-02
sched_other dec 17 9.515712e-03 1.891899e-02 5.858898e-03 1.306009e-02
sched_other dec 18 7.359482e-03 1.401687e-02 6.541014e-03 7.475853e-03
sched_other dec 19 5.366725e-03 9.434938e-03 4.010916e-03 5.424023e-03
sched_other dec 0 9.354295e-02 9.355807e-02 1.692772e-05 9.354115e-02
sched_other dec 1 8.649772e-02 8.651304e-02 1.692772e-05 8.649611e-02
sched_other dec 2 6.774665e-02 1.312392e-01 1.811981e-05 1.312211e-01
sched_other dec 3 7.399056e-02 7.884502e-02 1.311302e-05 7.883191e-02
sched_other dec 4 5.600604e-02 5.864096e-02 3.814697e-06 5.863714e-02
sched_other dec 5 5.953255e-02 6.067204e-02 3.099442e-06 6.066895e-02
sched_other dec 6 5.373875e-02 5.376697e-02 2.861023e-06 5.376410e-02
sched_other dec 7 4.780728e-02 1.216941e-01 1.384211e-02 1.078520e-01
sched_other dec 8 4.197852e-02 1.042068e-01 1.704979e-02 8.715701e-02
sched_other dec 9 3.619457e-02 8.715010e-02 2.096796e-02 6.618214e-02
sched_other dec 10 2.706654e-02 8.878183e-02 2.308679e-02 6.569505e-02
sched_other dec 11 2.921035e-02 1.026649e-01 2.902198e-02 7.364297e-02
sched_other dec 12 2.138062e-02 9.963703e-02 3.089118e-02 6.874585e-02
sched_other dec 13 2.148596e-02 9.558702e-02 3.700686e-02 5.858016e-02
sched_other dec 14 1.805174e-02 9.235907e-02 4.085803e-02 5.150104e-02
sched_other dec 15 1.487402e-02 6.664991e-02 9.006977e-03 5.764294e-02
sched_other dec 16 1.219089e-02 5.971408e-02 1.570892e-02 4.400516e-02
sched_other dec 17 9.556607e-03 6.042790e-02 1.588893e-02 4.453897e-02
sched_other dec 18 7.123517e-03 5.221605e-02 1.675510e-02 3.546095e-02
sched_other dec 19 5.400810e-03 3.860879e-02 1.738501e-02 2.122378e-02
sched_other dec 0 9.105149e-02 9.430695e-02 1.692772e-05 9.429002e-02
sched_other dec 1 6.616755e-02 6.670499e-02 2.717972e-05 6.667781e-02
sched_other dec 2 6.649136e-02 1.229720e-01 2.503395e-05 1.229470e-01
sched_other dec 3 7.281319e-02 7.590580e-02 1.883507e-05 7.588696e-02
sched_other dec 4 5.275682e-02 1.112700e-01 4.750013e-03 1.065199e-01
sched_other dec 5 5.565117e-02 1.143799e-01 2.988505e-02 8.449483e-02
sched_other dec 6 5.406773e-02 9.488106e-02 2.074504e-02 7.413602e-02
sched_other dec 7 4.806808e-02 9.518909e-02 3.673005e-02 5.845904e-02
sched_other dec 8 4.292749e-02 9.309506e-02 8.772135e-03 8.432293e-02
sched_other dec 9 3.795272e-02 8.867621e-02 1.856709e-02 7.010913e-02
sched_other dec 10 3.319461e-02 9.545302e-02 8.382082e-03 8.707094e-02
sched_other dec 11 2.594475e-02 9.762883e-02 1.092100e-02 8.670783e-02
sched_other dec 12 2.433305e-02 9.632802e-02 1.809192e-02 7.823610e-02
sched_other dec 13 2.003475e-02 9.563398e-02 1.836681e-02 7.726717e-02
sched_other dec 14 1.758375e-02 6.283402e-02 8.708954e-03 5.412507e-02
sched_other dec 15 1.501254e-02 5.971503e-02 1.269388e-02 4.702115e-02
sched_other dec 16 1.203320e-02 5.417013e-02 1.668310e-02 3.748703e-02
sched_other dec 17 9.137519e-03 5.339003e-02 1.844597e-02 3.494406e-02
sched_other dec 18 7.277971e-03 8.697987e-03 1.245975e-03 7.452011e-03
sched_other dec 19 2.848094e-03 4.153967e-03 1.305103e-03 2.848864e-03
sched_other dec 0 9.370295e-02 9.373403e-02 2.193451e-05 9.371209e-02
sched_other dec 1 8.651387e-02 9.070206e-02 2.193451e-05 9.068012e-02
sched_other dec 2 7.583578e-02 8.096910e-02 1.311302e-05 8.095598e-02
sched_other dec 3 7.191208e-02 7.192993e-02 3.099442e-06 7.192683e-02
sched_other dec 4 6.636144e-02 7.252717e-02 1.289845e-04 7.239819e-02
sched_other dec 5 5.749967e-02 1.179650e-01 2.861023e-06 1.179621e-01
sched_other dec 6 5.337408e-02 5.337596e-02 2.861023e-06 5.337310e-02
sched_other dec 7 3.766668e-02 1.061339e-01 1.256299e-02 9.357095e-02
sched_other dec 8 4.147162e-02 1.149342e-01 1.408219e-02 1.008520e-01
sched_other dec 9 3.690013e-02 1.020720e-01 1.654601e-02 8.552599e-02
sched_other dec 10 2.741758e-02 9.995508e-02 2.053905e-02 7.941604e-02
sched_other dec 11 2.904337e-02 9.535003e-02 2.453017e-02 7.081985e-02
sched_other dec 12 2.490911e-02 8.256602e-02 2.566195e-02 5.690408e-02
sched_other dec 13 2.155586e-02 9.411907e-02 2.143002e-02 7.268906e-02
sched_other dec 14 1.733632e-02 8.988309e-02 2.419209e-02 6.569099e-02
sched_other dec 15 1.491658e-02 8.776593e-02 3.008986e-02 5.767608e-02
sched_other dec 16 1.211607e-02 8.357191e-02 3.417897e-02 4.939294e-02
sched_other dec 17 9.447320e-03 8.266521e-02 3.907704e-02 4.358816e-02
sched_other dec 18 7.365759e-03 2.136803e-02 4.199982e-03 1.716805e-02
sched_other dec 19 5.411343e-03 1.934218e-02 8.855104e-03 1.048708e-02
